103.19328537100046
64.8067938309996
32.079865285999404
12.6897131909991
47.58758491700064
66.66121008499977
57.389830747000815
35.248791985000935
16.502122832998793
33.13981559700005
18.78876411300007
60.51631825700133
65.30066075099967
7.3143263470010424
4.067339083994739
3.983360665035434
7.391598878079094
4.481530669960193
57.33321888791397
3.795424825977534
3.7770029939711094
3.772000031080097
3.7704299360048026
4.283404953999707
4.271018430999902
4.588510394009063
3.272227547990042
3.1080095099896425
13.45767598299426
3.3703608390060253
3.0495257409929764
0.020546936997561716
